#0
#V
24
-0.5 -0.5 -0.5 0.5 -0.5 -0.5 0.5 0.5 -0.5 -0.5 0.5 -0.5
-0.5 -0.5 0.5 0.5 -0.5 0.5 0.5 0.5 0.5 -0.5 0.5 0.5
#B
9
1.0 0.0 0.0
0.0 1.0 0.0
0.0 0.0 1.0
#I
36
0 1 2 0 2 3 0 1 5 0 5 4
0 3 7 0 7 4 1 2 6 1 6 5
3 2 6 3 6 7 4 5 6 4 6 7
#1
#V
-0.5 -0.5 0.707106781186548 0.5 -0.5 0.707106781186548 -0.5 0.5 0.707106781186548        
0.5 0.5 0.707106781186548 0.0 -1.0 0.0 0.0 1.0 0.0 
-1.0 0.0 0.0 1.0 0.0 0.0 -0.5 -0.5 -0.707106781186548 
0.5 -0.5 -0.707106781186548 -0.5 0.5 -0.707106781186548 0.5 0.5 -0.707106781186548
0.5 -0.5 0.707106781186548 1.5 -0.5 0.707106781186548 1.5 0.5 0.707106781186548           
0.5 0.5 0.707106781186548 1.0 0.0 1.414213562373095 1.0 0.0 0.0
#B
1.0 1.0 0.0
-1.0 1.0 0.0
0.0 0.0 1.414213562373095
#I
0 1 4 0 2 6 1 3 7 2 3 5		
4 8 9 5 10 11 6 8 10 7 9 11
0 1 3 0 3 2 4 1 7 4 7 9 
5 3 7 5 7 11 6 0 4 6 4 8 
6 2 5 6 5 10 8 9 11 8 11 10
12 13 16 12 13 17 12 15 16 12 15 17	
13 14 18 13 14 17 14 15 16 14 15 17
#2
#3
#4
#5
#6
#7
#8
#9
#10
#11
#12
#13
#14
#15
#16
#17
#18
#19
#20
#21
#22
#23
#24
#25
#26
#27